Table 7 - Data of Generators at Each Bus

id	Bus    Unit    ID    PG     QG     Qmax    Qmin    VS
#ID Type     #    MW    MVAR    MVAR    MVAR    pu
-------------------------------------------------------
G1	 101    U20      1    10     0       10       0    1.035
G2	 101    U20      2    10     0       10       0    1.035
G3	 101    U76      3    76    14.1     30     -25    1.035
G4	 101    U76      4    76    14.1     30     -25    1.035
G5	 102    U20      1    10     0       10       0    1.035
G6	 102    U20      2    10     0       10       0    1.035
G7	 102    U76      3    76     7.0     30     -25    1.035
G8	 102    U76      4    76     7.0     30     -25    1.035
G9	 107    U100     1    80    17.2     60       0    1.025
G10	 107    U100     2    80    17.2     60       0    1.025
G11	 107    U100     3    80    17.2     60       0    1.025
G12	 113    U197     1 99995    99995    80       0    1.020
G13	 113    U197     2 99995    99995    80       0    1.020
G14	 113    U197     3 99995    99995    80       0    1.020
G15	 114  Sync-Cond1 1     0    13.7    200     -50    0.980
G16	 115    U12      1    12     0        6       0    1.014
G17	 115    U12      2    12     0        6       0    1.014
G18	 115    U12      3    12     0        6       0    1.014
G19	 115    U12      4    12     0        6       0    1.014
G20	 115    U12      5    12     0        6       0    1.014
G21	 115    U155     6   155     0.05    80     -50    1.014
G23	 116    U155     1   155    25.22    80     -50    1.017
G24	 118    U400     1   400   137.4    200     -50    1.050
G25	 121    U400     1   400   108.2    200     -50    1.050
G26	 122    U50      1    50    -4.96    16     -10    1.050
G27	 122    U50      2    50    -4.96    16     -10    1.050
G28	 122    U50      3    50    -4.96    16     -10    1.050
G29	 122    U50      4    50    -4.96    16     -10    1.050
G30	 122    U50      5    50    -4.96    16     -10    1.050
G31	 122    U50      6    50    -4.96    16     -10    1.050
G32	 123    U155     1   155    31.79    80     -50    1.050
G33	 123    U155     2   155    31.79    80     -50    1.050
G34  123    U350     3   350    71.78   150     -25    1.050
G35	 201    U20      1    10     0       10       0    1.035
G36	 201    U20      2    10     0       10       0    1.035
G37	 201    U76      3    76    14.1     30     -25    1.035
G38	 201    U76      4    76    14.1     30     -25    1.035
G39	 202    U20      1    10     0       10       0    1.035
G40	 202    U20      2    10     0       10       0    1.035
G41	 202    U76      3    76     7.0     30     -25    1.035
G42	 202    U76      4    76     7.0     30     -25    1.035
G43	 207    U100     1    80    17.2     60       0    1.025
G44	 207    U100     2    80    17.2     60       0    1.025
G45	 207    U100     3    80    17.2     60       0    1.025
G46	 213    U197     1    95.1  40.7     80       0    1.020
G47	 213    U197     2    95.1  40.7     80       0    1.020
G48	 213    U197     3    95.1  40.7     80       0    1.020
G49	 214  Sync-Cond2  1     0    13.68   200     -50    0.980
G50	 215    U12      1    12     0        6       0    1.014
G51	 215    U12      2    12     0        6       0    1.014
G52	 215    U12      3    12     0        6       0    1.014
G53	 215    U12      4    12     0        6       0    1.014
G54	 215    U12      5    12     0        6       0    1.014
G55	 215    U155     6   155     0.048   80     -50    1.014
G56	 216    U155     1   155    25.22    80     -50    1.017
G57	 218    U400     1   400   137.4    200     -50    1.050
G58	 221    U400     1   400   108.2    200     -50    1.050
G59	 222    U50      1    50    -4.96    16     -10    1.050
G60	 222    U50      2    50    -4.96    16     -10    1.050
G61	 222    U50      3    50    -4.96    16     -10    1.050
G62	 222    U50      4    50    -4.96    16     -10    1.050
G63	 222    U50      5    50    -4.96    16     -10    1.050
G64	 222    U50      6    50    -4.96    16     -10    1.050
G65	 223    U155     1   155    31.79    80     -50    1.050
G66	 223    U155     2   155    31.79    80     -50    1.050
G67	 223    U350     3   350    71.78   150     -25    1.050
G68	 301    U20      1    10     0       10       0    1.035
G69	 301    U20      2    10     0       10       0    1.035
G70	 301    U76      3    76    14.1     30     -25    1.035
G71	 301    U76      4    76    14.1     30     -25    1.035
G72	 302    U20      1    10     0       10       0    1.035
G73	 302    U20      2    10     0       10       0    1.035
G74	 302    U76      3    76     7.0     30     -25    1.035
G75	 302    U76      4    76     7.0     30     -25    1.035
G76	 307    U100     1    80    17.2     60       0    1.025
G77	 307    U100     2    80    17.2     60       0    1.025
G78	 307    U100     3    80    17.2     60       0    1.025
G79	 313    U197     1    95.1  40.7     80       0    1.02    
G80	 313    U197     2    95.1  40.7     80       0    1.02    
G81	 313    U197     3    95.1  40.7     80       0    1.02    
G82	 314  Sync-Cond3  1     0    13.68   200     -50    0.98    
G83	 315    U12      1    12     0        6       0    1.014
G84	 315    U12      2    12     0        6       0    1.014
G85	 315    U12      3    12     0        6       0    1.014
G86	 315    U12      4    12     0        6       0    1.014
G87	 315    U12      5    12     0        6       0    1.014
G88	 315    U155     6   155     0.048   80     -50    1.014
G89	 316    U155     1   155    25.22    80     -50    1.017
G90	 318    U400     1   400   137.4    200     -50    1.05
G91	 321    U400     1   400   108.2    200     -50    1.05
G92	 322    U50      1    50    -4.96    16     -10    1.05
G93	 322    U50      2    50    -4.96    16     -10    1.05
G94	 322    U50      3    50    -4.96    16     -10    1.05
G95	 322    U50      4    50    -4.96    16     -10    1.05
G96	 322    U50      5    50    -4.96    16     -10    1.05
G97	 322    U50      6    50    -4.96    16     -10    1.05
G98	 323    U155     1   155    31.79    80     -50    1.05
G99	 323    U155     2   155    31.79    80     -50    1.05
G100 323    U350     3   350    71.78   150     -25    1.05

PG & QG:     are the generating unit's real & reactive power output.
Qmax & Qmin: are the limits of the unit's reactive power output.
VS:          is the unit's regulated voltage set-point.
